





224 130 239 166 

212 140 239 181 

202 148 230 182 
196 150 225 193 210 152 229 178 
192 155 223 196 
188 162 205 193 203 157 217 192 



172 173 194 211 
168 177 190 213 
164 180 184 218 
161 180 188 219 
158 187 184 221 
33 125 58 145 155 188 179 223 
150 192 175 226 
35 123 60 143 149 195 172 230 
146 197 171 232 
34 121 62 139 144 200 169 234 
48 118 63 141 140 203 165 236 
60 223 76 243 138 205 161 239 
36 115 64 136 136 207 159 240 
37 112 65 136 133 208 155 242 
48 111 66 135 131 212 154 243 
49 107 67 132 128 215 152 246 
52 106 64 125 126 218 149 248 
55 106 68 131 124 219 154 250 
122 221 141 249 
54 100 70 123 119 224 142 253 
54 98 71 126 118 225 139 251 
52 96 71 124 116 227 135 252 
55 93 72 122 113 229 131 254 
56 91 74 122 111 231 129 254 
43 93 55 119 56 88 71 111 110 232 127 256 
44 93 56 117 58 86 75 118 107 234 125 257 
44 91 57 115 47 84 73 105 106 235 123 259 
45 88 56 114 60 81 74 109 104 238 121 261 
45 88 58 111 61 79 75 104 103 238 120 262 
46 84 59 109 62 76 76 102 101 240 118 264 
47 80 60 104 62 73 81 106 99 241 118 265 
47 80 65 104 63 71 78 97 97 243 116 267 222 113 239 148 
48 75 61 102 61 68 83 102 96 246 114 267 214 111 239 153 
49 72 62 99 64 66 84 101 209 113 239 159 
50 69 63 97 63 63 87 98 204 116 239 163 
50 69 64 95 65 62 86 95 200 120 239 170 
51 66 65 93 68 58 88 91 194 122 239 173 
52 63 67 90 68 55 89 82 190 122 239 177 
53 57 70 88 70 53 87 76 184 130 239 182 
54 56 72 85 71 50 92 75 71 48 89 85 180 139 236 187 
55 45 93 82 176 140 229 191 
55 44 72 79 72 47 94 70 73 41 95 81 172 145 223 192 
56 46 72 77 74 37 96 75 167 148 219 197 
57 42 75 74 76 35 98 74 163 154 214 199 
58 40 78 72 77 30 99 71 160 162 209 202 224 14 239 48 227 51 239 69 
59 36 79 68 75 26 101 69 157 163 205 206 220 19 239 54 221 54 239 78 
60 32 77 65 76 24 102 65 154 165 200 208 209 18 239 83 214 67 232 84 
61 21 104 64 151 171 196 210 
62 21 105 59 81 16 105 64 147 177 192 213 
64 20 83 55 83 11 107 55 145 178 190 217 
65 6 109 56 74 112 84 130 142 177 186 221 191 35 239 109 
66 13 85 48 75 109 85 128 85 14 111 40 86 3 111 46 144 177 182 226 
67 7 85 44 88 0 113 43 141 178 178 224 179 55 230 120 
68 5 86 41 75 102 88 126 89 0 114 43 133 180 177 225 
69 2 88 37 91 0 116 39 136 183 172 228 
70 0 89 34 80 96 91 118 94 0 119 33 129 195 169 229 
72 0 91 29 98 0 120 27 128 193 167 231 161 84 208 138 
73 0 92 25 78 90 92 117 96 0 122 23 124 200 163 233 
74 0 92 20 126 200 161 235 
76 0 96 15 105 0 122 15 
76 0 96 12 87 80 95 102 118 207 153 237 
88 76 101 99 119 209 151 239 
90 72 101 95 118 212 149 241 
87 68 100 98 118 216 146 242 
94 64 102 88 116 216 143 243 
96 59 104 85 114 217 141 245 
98 55 111 81 110 219 138 246 128 126 169 165 
100 51 113 77 
102 47 116 73 124 136 158 171 125 225 134 249 
104 41 118 69 125 143 157 174 
50 114 67 133 106 36 115 64 123 146 151 179 
108 32 123 60 115 150 149 181 
49 110 69 133 104 36 120 62 112 152 145 185 
52 108 70 127 106 20 128 57 115 154 143 190 
53 109 70 127 108 16 125 53 113 156 142 188 
52 103 71 126 111 161 140 191 117 9 128 41 
54 102 73 125 109 163 137 197 115 4 137 34 
54 100 74 121 107 166 134 194 120 0 140 26 
54 97 74 125 105 166 133 196 119 0 139 22 
111 168 129 198 124 0 142 18 
58 93 76 115 111 168 126 204 
57 91 77 113 111 174 125 205 
58 92 78 111 100 179 123 204 186 162 203 201 
60 87 79 107 100 181 119 206 
58 82 81 105 
63 80 82 103 
62 81 84 101 
61 77 84 99 
60 78 85 99 
61 69 87 96 
60 66 87 99 
63 68 89 94 158 191 167 223 
64 63 90 85 
64 57 91 84 
67 53 94 81 
67 56 94 78 
71 46 96 77 
73 45 97 76 
74 40 99 73 
75 36 100 69 
75 36 101 62 
74 35 103 59 
75 28 104 59 
78 24 106 61 
78 22 108 57 
82 19 109 45 
84 17 111 41 
86 10 113 39 
88 0 115 33 
88 0 117 27 
90 0 119 23 
92 0 121 19 
94 0 123 15 
96 0 123 11 
























174 81 216 133 
49 123 61 145 169 87 210 138 
162 95 203 143 
160 96 197 149 
155 102 193 153 
49 116 64 141 151 104 188 158 
50 114 64 138 146 109 182 162 
143 114 176 165 182 116 188 153 
140 119 172 169 174 121 182 157 
50 109 66 136 136 124 169 173 
52 107 67 132 132 128 162 175 
53 105 68 131 129 133 158 179 161 135 169 169 
125 137 155 182 157 139 165 173 
41 101 53 128 57 101 70 126 122 141 150 185 
55 99 71 126 120 145 147 188 150 147 157 178 231 128 239 167 
43 98 55 122 117 149 144 191 146 151 154 182 224 128 239 172 
114 153 141 193 143 154 150 185 217 130 239 176 
44 95 54 119 59 93 73 115 112 157 137 196 140 157 147 188 210 133 239 191 
45 91 56 118 61 90 74 116 109 160 136 199 137 161 143 190 204 138 239 197 
45 87 60 115 59 88 75 116 107 163 133 201 134 164 140 193 198 144 239 199 
46 88 57 113 59 85 76 113 104 164 130 204 109 167 130 204 131 167 137 196 192 149 239 203 
47 86 55 110 110 169 125 206 126 170 134 198 188 152 235 207 
47 83 58 109 64 80 78 108 110 173 122 207 183 160 229 210 
65 77 79 105 109 176 129 210 178 164 223 213 
61 76 80 108 106 178 117 212 118 179 126 205 174 168 217 216 
49 74 61 103 63 72 82 101 104 180 115 214 115 182 124 208 169 172 205 219 205 172 211 210 
50 72 62 100 63 70 81 103 165 173 206 222 
51 70 63 98 64 67 83 100 90 186 110 218 161 179 201 225 
52 67 65 95 64 64 84 96 88 193 108 219 158 182 196 228 
53 64 64 93 65 62 86 94 86 191 107 221 154 187 191 230 
53 62 65 90 68 59 87 84 92 192 105 223 151 189 187 232 
54 59 65 87 69 56 88 82 93 195 103 225 147 193 184 233 
55 56 66 86 69 53 82 86 91 197 108 227 144 197 173 236 173 196 179 229 
56 52 67 82 70 49 83 81 141 203 151 231 153 198 176 238 
57 49 69 79 69 48 92 81 72 46 92 67 88 201 97 230 138 203 165 239 166 201 172 233 
57 50 70 76 73 43 93 71 85 203 98 231 135 204 168 241 
58 42 71 74 74 40 94 67 143 208 165 243 
59 39 73 71 74 35 96 70 83 206 92 234 129 210 155 245 
64 36 73 60 75 33 97 68 81 208 97 235 127 212 158 247 
61 33 79 65 81 28 99 65 125 215 155 249 
62 29 76 62 77 26 100 63 80 211 94 237 131 218 152 249 
63 25 79 59 85 22 102 58 129 218 149 250 
64 22 79 55 76 215 91 239 79 17 103 56 127 221 146 251 
65 17 79 52 76 216 89 240 79 14 105 52 124 223 137 255 
66 12 85 49 74 217 88 241 89 10 104 48 122 224 140 255 
68 9 85 46 73 219 86 242 88 6 108 43 119 226 137 258 
69 5 90 41 72 220 85 244 91 0 110 39 117 228 135 258 
70 0 86 38 93 0 112 37 115 231 124 259 
70 223 83 246 71 0 87 34 96 0 113 33 113 233 121 260 
69 224 81 247 72 0 88 30 96 0 116 29 111 234 119 261 
73 0 88 26 97 0 117 25 
34 155 53 172 67 227 79 248 75 0 89 22 98 0 119 22 
76 0 102 18 100 0 121 17 
65 229 77 250 






38 144 59 162 

39 143 53 159 
64 87 75 112 
40 138 61 157 
40 139 55 155 


42 132 65 156 
43 132 58 151 58 128 73 154 
43 128 67 149 
44 129 57 149 
45 127 55 150 49 153 63 172 
45 125 56 149 
46 124 55 145 57 120 71 141 
46 122 60 146 
47 117 71 144 66 58 87 91 
48 118 72 143 59 115 72 136 
49 116 75 141 55 144 67 164 75 113 82 141 
49 114 64 139 53 142 68 163 
50 112 84 138 58 141 69 162 
50 110 65 136 71 107 85 137 76 44 92 75 
51 106 66 134 72 104 86 134 76 45 93 73 
52 105 67 132 61 135 71 157 
53 103 68 130 70 98 80 122 81 39 95 70 
54 100 69 129 60 132 73 154 82 97 90 124 83 42 97 67 
55 98 67 126 61 130 74 152 73 93 83 118 
56 94 84 125 76 92 83 115 84 32 99 61 85 92 92 122 
53 126 69 149 56 93 73 122 75 89 86 113 86 36 100 58 
54 124 70 148 57 89 84 123 76 86 87 111 85 87 95 119 87 19 102 56 
58 87 88 119 66 121 78 145 77 83 96 118 88 33 103 53 228 82 239 127 
59 84 98 116 80 81 88 106 88 30 104 50 89 81 98 115 220 89 235 138 
56 117 80 143 59 82 99 114 75 78 91 103 89 13 105 47 211 98 227 142 229 108 239 136 
56 115 81 141 60 76 101 110 76 75 101 100 206 108 221 146 222 116 239 139 
57 113 82 139 62 71 102 108 93 72 102 107 199 116 228 158 218 102 239 123 
58 110 83 136 63 71 104 106 78 67 95 95 192 110 239 158 226 139 239 159 
59 113 84 135 64 64 105 103 71 108 84 134 187 128 198 162 199 116 239 164 
59 111 85 133 65 62 107 101 70 106 85 132 81 61 107 89 181 134 200 173 194 145 211 163 196 123 239 170 
61 108 79 131 66 58 109 97 97 57 109 96 176 140 186 171 189 129 232 174 
61 100 80 129 67 54 111 96 171 145 180 175 183 154 198 173 190 134 225 180 
62 98 88 126 68 50 112 92 166 150 175 186 190 140 220 185 
63 103 82 124 70 47 114 88 104 47 114 87 161 156 170 184 186 145 213 189 
64 92 91 122 71 42 116 85 107 43 116 67 158 161 165 186 177 147 208 193 
65 97 83 120 72 38 118 82 85 90 92 119 154 165 161 193 175 153 202 196 
66 87 93 117 73 34 120 79 103 34 120 77 149 169 157 195 169 160 196 200 
67 84 95 115 75 30 122 76 162 164 192 205 
68 81 96 112 76 25 124 72 149 170 185 192 153 182 188 208 
69 78 98 109 77 21 126 68 98 33 126 49 139 174 183 210 
70 74 91 107 79 16 128 64 92 75 99 106 142 177 179 213 
71 72 92 104 80 11 131 60 93 72 100 103 139 180 174 215 
72 77 93 102 80 69 102 99 81 7 133 56 135 184 171 218 
73 65 104 99 82 2 135 52 132 187 168 221 
74 62 105 96 85 0 138 48 127 0 141 23 140 189 165 224 
75 59 98 93 86 0 140 43 99 59 107 93 126 194 159 227 
76 55 108 90 87 0 143 39 124 196 155 229 
78 51 101 87 89 0 146 35 102 52 110 86 121 198 153 232 
79 48 112 84 91 0 149 30 122 202 152 233 
80 45 113 81 93 0 152 25 95 44 113 67 115 204 146 235 
82 40 115 78 95 0 152 21 114 208 142 237 
63 114 82 139 83 36 117 75 97 0 152 16 120 211 141 239 
64 111 84 136 84 32 119 71 105 0 152 11 117 213 136 241 
86 28 121 68 116 215 133 243 
76 110 86 128 87 24 122 64 114 218 130 245 
75 107 87 126 88 20 125 60 106 19 116 41 112 220 127 247 
70 103 83 128 90 15 127 57 109 222 125 241 233 125 239 156 
71 102 83 122 91 10 129 53 227 126 239 160 
93 6 131 49 221 121 239 164 
81 97 92 117 94 0 133 45 215 127 239 169 
83 94 93 114 96 0 135 40 209 131 239 173 
98 0 138 36 204 132 239 181 
66 92 83 113 83 88 96 109 100 0 140 33 200 137 239 185 
82 85 98 108 101 0 143 28 195 141 239 189 222 137 239 182 
88 82 99 107 103 0 145 24 190 145 239 188 216 142 236 185 
87 79 101 105 105 0 147 19 184 149 233 191 211 146 231 189 
90 75 102 102 107 0 137 14 181 153 227 195 206 150 225 201 
88 72 104 100 109 0 138 9 177 157 222 201 
89 69 106 97 173 161 217 203 
72 76 82 95 91 65 100 93 170 164 212 202 
68 76 83 97 92 61 110 90 166 168 208 205 
69 72 84 91 96 58 111 81 163 171 204 213 
67 71 85 89 95 54 105 84 160 174 200 215 
92 50 114 80 156 177 195 216 
93 46 116 77 95 46 116 68 153 179 191 215 
74 62 88 81 100 42 119 73 149 183 188 217 
74 59 89 81 106 38 121 64 147 186 184 220 
76 56 90 76 102 33 123 66 144 188 180 221 
77 53 91 79 100 29 125 62 142 191 177 223 
73 50 92 77 102 24 127 59 151 190 174 224 
103 20 129 55 137 196 171 226 
80 44 95 65 105 15 132 50 140 195 168 228 
81 41 96 68 107 10 134 46 132 204 142 229 143 198 164 230 
109 5 136 42 135 199 162 232 
111 0 139 38 128 205 159 233 
113 0 141 33 134 204 156 235 
85 28 101 53 115 0 144 28 123 206 153 236 
86 25 100 54 122 0 147 23 126 208 150 238 
87 21 99 51 120 0 151 18 125 210 148 240 
89 17 99 48 116 215 145 241 
90 16 101 44 114 216 135 241 135 214 143 242 
43 138 55 159 91 10 109 41 117 216 141 244 
44 137 56 157 93 8 103 38 115 217 138 244 
44 135 56 156 94 5 112 29 113 220 128 245 129 219 136 246 
95 0 106 31 111 222 126 246 126 221 134 250 
91 0 115 28 110 222 132 251 
98 0 117 24 108 223 130 250 
46 130 58 152 106 228 128 250 
47 129 59 150 101 226 125 251 
47 128 60 149 103 228 122 253 
103 230 120 254 

98 233 111 255 
49 122 62 140 102 234 115 256 
99 60 109 87 
99 56 111 81 
103 52 113 77 
49 115 64 134 105 48 115 82 
52 114 65 133 107 44 117 72 
50 112 66 131 110 39 120 66 
53 111 66 129 
53 109 67 134 

55 106 69 125 
53 104 69 124 
55 102 70 123 79 247 98 267 

52 98 72 119 
55 96 72 118 
56 94 73 116 
54 92 74 114 78 252 92 271 
54 90 75 112 
55 88 76 110 
56 86 76 108 
59 85 77 106 
58 82 78 104 
57 80 79 102 
61 78 80 101 
59 74 81 99 
62 73 82 98 
61 71 83 95 
64 69 84 93 

66 64 86 88 
76 61 87 86 
65 56 88 84 
65 56 89 79 
69 54 90 78 120 152 141 184 
67 50 91 75 118 155 138 186 
74 48 92 73 115 158 135 187 
75 43 93 71 113 162 132 189 
73 42 95 68 111 165 126 191 
74 39 96 65 109 168 123 194 
64 39 80 71 71 36 97 62 106 171 124 196 
64 37 80 68 75 33 99 61 104 174 121 198 
65 33 73 64 74 30 89 55 89 30 100 56 
66 31 82 63 79 25 101 55 
76 23 91 48 
68 24 80 54 80 19 103 46 
68 21 85 54 82 16 93 42 
82 12 95 39 
80 8 96 35 
73 9 81 42 86 5 98 32 
73 5 81 38 85 0 100 29 
75 0 92 38 86 0 101 24 
76 0 83 31 89 0 103 21 

82 86 97 112 97 0 118 30 
78 83 93 111 
85 86 100 108 

81 74 95 102 
88 71 98 99 
88 68 106 97 
85 70 100 95 
86 61 106 93 
88 61 104 89 
95 54 105 85 150 207 170 233 
91 55 107 82 147 206 167 235 
92 50 112 79 94 47 116 71 146 207 164 237 
93 47 110 76 143 209 161 239 
95 47 112 73 140 210 157 241 
97 36 115 69 138 212 154 243 
98 32 117 66 135 215 152 243 
100 26 120 62 133 218 150 244 
102 27 122 58 104 22 121 46 129 219 147 246 
104 26 124 54 106 19 123 42 128 221 144 247 
105 14 128 51 126 222 141 249 
107 13 129 47 110 7 128 33 126 223 138 249 
109 5 131 43 112 4 130 27 124 224 136 251 
110 0 134 38 114 0 135 23 120 227 134 251 
112 0 136 35 118 227 132 253 
114 0 141 33 116 230 130 254 
114 232 128 255 116 0 141 28 
112 233 123 257 119 0 144 20 
110 234 122 257 121 0 147 15 
109 237 121 259 
107 240 119 259 
105 242 117 259 

102 244 114 261 
100 242 112 263 
99 243 111 263 
97 244 109 265 154 107 192 142 
150 106 188 145 
96 246 107 267 146 99 183 150 
144 105 179 154 196 3 239 149 
141 110 174 158 190 6 239 159 
92 248 103 269 136 115 170 161 184 7 239 80 185 31 239 159 
90 250 101 271 134 119 166 165 178 9 239 86 180 32 239 163 
85 251 100 271 131 124 163 168 173 12 239 92 174 34 239 172 
83 252 99 272 129 131 161 171 168 14 239 98 170 35 239 173 
86 252 97 273 126 134 155 174 163 23 232 106 165 36 239 178 
84 253 96 273 123 138 152 177 160 22 233 111 160 37 239 183 
80 254 95 273 120 141 155 180 155 32 225 117 156 38 239 186 
78 255 94 275 118 146 153 183 151 48 212 122 152 39 239 190 
82 256 92 275 116 149 149 186 147 52 209 126 148 40 239 193 152 25 239 108 152 41 218 126 
113 152 146 189 143 58 204 132 144 41 239 197 154 25 239 106 156 41 218 121 
111 156 137 191 137 41 239 200 139 62 201 136 158 27 239 102 159 38 238 117 
108 159 139 193 136 68 196 140 137 44 239 203 169 41 227 105 227 22 239 46 
106 162 134 196 119 61 239 206 132 78 188 144 133 48 239 205 190 30 239 67 
104 53 239 209 129 83 184 149 136 39 239 145 
102 66 239 211 123 53 239 178 126 88 180 151 132 48 239 150 204 195 239 212 
100 56 239 213 114 55 238 176 123 88 180 155 127 54 237 156 211 194 239 213 
98 63 239 217 120 98 172 159 122 62 234 172 207 194 239 215 
102 187 120 206 117 104 167 162 119 70 239 219 203 194 239 217 
95 76 239 221 115 76 232 220 132 76 223 150 189 195 239 222 
93 80 239 224 112 114 159 168 116 85 204 169 200 195 239 222 223 46 239 73 
57 135 73 155 91 91 239 226 110 114 159 171 173 92 198 124 198 195 239 223 217 55 239 81 
58 133 74 154 89 97 239 227 108 119 155 174 111 98 186 175 195 195 239 225 210 51 239 88 
59 132 75 152 88 100 239 230 106 124 151 177 107 103 192 187 110 103 183 176 191 195 239 227 202 26 239 63 202 59 239 94 
63 129 76 150 86 106 239 232 104 129 147 180 104 108 186 190 187 195 239 229 194 33 239 73 196 65 239 102 
85 112 239 234 102 114 181 200 189 40 239 108 
66 125 78 145 83 114 239 236 99 119 175 193 182 198 239 233 184 49 239 113 
67 122 79 144 82 121 239 238 97 141 137 188 116 124 169 159 178 56 232 107 181 56 223 118 
80 124 239 239 94 127 179 199 118 129 163 157 176 64 225 123 178 63 224 99 
71 118 81 139 79 130 239 241 169 69 219 127 172 69 211 127 
78 134 239 243 103 137 160 175 167 76 213 132 170 76 212 109 
71 113 83 135 77 138 239 244 160 83 207 136 163 83 196 136 
72 110 83 133 75 142 230 246 86 146 150 205 156 89 204 141 161 89 191 141 163 218 212 242 
73 108 86 127 74 145 226 247 153 94 198 145 157 95 189 145 161 221 208 244 
73 150 221 249 75 105 87 127 149 100 194 149 158 223 198 245 
72 156 217 250 76 102 89 125 145 104 188 152 148 105 177 152 224 0 239 30 
71 158 212 252 77 99 90 123 142 109 184 156 144 110 176 156 153 233 185 248 217 3 237 40 
69 162 208 253 77 164 121 217 78 97 91 120 139 115 180 160 209 11 229 48 
68 164 204 254 79 93 93 119 136 119 177 163 203 22 221 56 
67 166 200 255 80 90 91 115 133 123 172 167 140 124 165 166 197 31 214 64 
66 170 196 256 81 87 95 113 130 127 168 166 135 128 162 170 192 39 208 72 229 35 237 74 
65 132 193 258 82 84 94 110 128 130 164 173 185 48 203 79 223 44 230 81 
64 175 189 258 73 179 116 217 84 81 99 108 125 133 160 176 180 53 198 86 216 51 223 88 
63 138 185 260 72 182 117 218 86 77 100 103 122 139 157 179 175 63 191 92 210 59 217 92 
62 163 182 261 87 73 102 101 120 143 154 178 170 70 186 98 205 65 211 100 
61 184 179 262 88 70 104 98 128 146 151 184 166 79 180 104 200 73 206 106 
61 186 177 263 90 66 105 96 122 149 148 188 161 86 176 109 194 79 200 112 
60 168 174 264 90 62 107 92 124 152 144 186 157 88 171 115 
59 190 171 264 90 59 109 88 123 155 142 191 
58 159 168 265 92 56 111 85 
57 162 165 266 89 51 113 82 146 106 165 130 
56 160 163 267 91 47 115 79 
55 183 160 268 97 42 117 75 113 168 131 199 
55 170 157 269 98 38 119 70 
54 174 155 270 97 34 121 67 
53 194 152 270 102 30 123 63 
52 195 150 271 104 25 125 58 
51 206 147 271 106 21 128 54 
51 209 145 272 103 184 117 211 108 15 130 51 
50 186 143 272 105 10 125 47 115 10 132 38 
49 207 141 273 107 3 135 43 118 3 135 25 
49 207 139 274 109 0 138 37 
51 192 136 274 111 0 140 33 
47 218 135 275 113 0 143 28 
46 196 133 275 116 0 146 23 
46 198 130 276 118 0 147 18 
45 215 129 277 
45 217 127 277 
44 225 125 278 
44 226 123 278 
43 221 122 279 
42 222 120 279 
42 232 119 279 45 232 116 264 
41 231 117 280 
41 232 116 280 
40 234 114 281 
40 229 112 281 
39 235 110 282 
39 238 109 282 
38 238 108 283 
36 239 106 283 
37 240 105 284 
36 242 103 284 
37 242 102 284 
36 242 101 285 81 23 91 73 
35 243 100 285 82 18 90 73 
35 244 98 285 82 18 90 73 
35 245 97 286 82 18 89 73 
34 244 96 286 82 18 90 73 
34 231 95 286 82 23 90 71 
33 248 94 287 82 18 91 71 
33 249 93 287 82 18 89 71 
32 250 92 287 82 18 89 73 
32 250 91 287 82 18 89 73 
32 251 85 288 82 18 89 73 
31 252 89 288 82 18 89 73 
31 238 82 289 82 18 89 73 
31 253 87 289 82 18 89 73 
31 253 86 289 82 18 89 73 
31 253 80 289 82 18 89 73 138 138 164 156 
30 254 84 289 82 18 89 73 135 142 160 160 
30 254 83 290 82 18 89 73 131 147 157 163 141 207 173 244 
29 253 82 290 82 18 89 73 128 136 153 167 138 209 170 246 
29 253 81 290 82 18 89 73 125 140 150 176 136 211 167 247 
29 253 80 290 82 18 89 72 122 144 146 178 134 213 164 249 
28 253 38 290 39 258 79 287 82 18 89 72 120 148 143 179 132 214 162 250 
28 253 78 290 82 18 89 72 117 151 140 183 129 216 159 251 
27 260 37 291 38 259 77 289 82 18 89 71 114 155 137 186 127 217 156 253 
27 259 72 291 82 19 89 71 112 158 133 180 112 161 134 188 125 220 154 254 
26 260 36 292 37 260 71 288 82 19 89 58 110 161 131 190 123 221 151 255 
26 260 75 292 82 19 89 72 108 165 128 191 121 224 149 255 
26 261 74 292 82 19 89 58 110 168 125 194 119 223 146 256 
25 262 73 292 82 19 89 58 112 171 123 196 117 226 145 257 
25 254 34 292 35 262 68 289 82 19 89 54 108 174 120 196 116 227 142 258 
25 263 67 293 108 177 118 199 114 229 140 259 
25 265 33 293 34 263 67 290 112 230 138 260 
24 265 32 294 34 264 66 290 101 180 113 203 110 231 136 261 
24 266 32 294 33 264 66 291 109 232 134 262 
24 266 31 294 33 264 65 291 107 234 132 263 
23 266 31 294 33 265 63 291 106 235 130 264 152 208 163 237 
23 266 30 294 32 265 63 291 104 236 128 264 149 211 159 239 
22 267 30 294 32 266 61 291 103 237 127 266 147 213 157 241 
22 268 30 294 32 266 61 291 101 239 117 266 144 214 155 241 
22 268 29 294 31 266 61 292 100 239 123 267 143 216 151 243 
22 268 29 295 31 267 60 292 98 241 117 268 140 218 149 243 
21 269 29 295 30 267 59 292 96 241 119 268 136 221 147 245 
21 269 28 295 30 267 58 292 96 242 118 269 135 222 145 246 180 169 226 211 
21 269 28 295 30 268 58 293 78 205 97 222 94 245 116 269 133 225 143 246 176 165 221 214 
20 270 27 295 29 268 57 293 93 246 114 270 131 226 140 247 172 177 187 208 187 170 217 217 
20 270 27 295 29 269 57 293 91 250 113 270 129 226 137 251 169 172 212 218 
20 270 27 295 28 269 56 293 95 247 112 271 166 176 208 220 
20 270 26 295 28 269 56 293 89 249 110 271 162 177 204 223 
19 271 26 295 28 269 56 293 88 249 108 272 160 182 199 225 
19 271 25 295 27 270 53 293 87 252 108 272 155 184 195 227 
19 272 25 295 27 270 54 294 76 214 87 232 86 250 106 273 153 193 165 220 166 186 191 228 
27 270 53 294 85 251 105 273 150 195 161 223 163 189 188 230 
27 271 49 294 88 251 103 274 147 198 157 224 160 192 184 232 
26 271 52 294 83 253 102 274 144 200 154 226 157 194 181 233 
26 271 52 294 86 253 101 275 142 202 151 227 154 196 178 235 
26 272 51 295 139 204 149 229 152 198 175 236 
17 272 51 296 80 253 98 276 149 200 171 238 
17 272 47 296 146 202 169 239 
17 273 50 296 82 255 96 277 144 203 165 240 
16 273 46 296 81 256 95 277 141 205 163 243 
16 273 49 296 139 208 160 243 
16 273 45 296 137 209 157 244 
16 273 45 296 135 211 155 245 
16 274 48 296 132 212 152 246 
15 274 47 296 130 214 149 247 
15 274 47 296 128 216 147 248 
15 274 47 296 126 218 145 249 
14 274 46 296 124 219 142 250 
14 274 46 296 122 219 140 251 
14 275 44 296 120 222 138 251 
14 275 45 296 118 222 136 252 
14 275 41 296 115 221 134 253 
14 275 44 296 113 224 132 254 
14 275 40 296 113 225 123 254 
14 276 43 296 111 226 128 252 
13 276 42 296 109 226 121 253 
13 276 39 296 106 228 123 256 
13 276 41 296 104 229 121 254 
13 276 41 296 
12 276 38 296 102 228 112 255 
12 276 41 296 
12 276 41 296 99 232 115 255 
12 276 41 296 
11 276 40 296 96 234 111 256 
11 276 40 296 
11 276 40 296 
11 276 40 296 
11 277 39 296 
11 277 39 296 
11 277 35 296 
11 277 35 296 87 238 101 259 
10 277 38 296 
10 277 34 296 
10 277 34 296 
10 277 36 296 
10 277 36 296 
9 276 33 296 
9 276 33 296 
9 276 32 296 
9 276 32 296 
8 276 32 296 
8 276 35 295 
8 276 35 295 
8 276 31 295 
8 276 31 295 
8 276 31 295 
8 276 30 295 
7 275 23 295 
7 275 23 295 
7 275 29 295 
7 275 25 294 
7 275 26 294 
7 275 24 294 
6 275 24 294 
6 275 24 294 88 21 101 47 
6 275 24 294 
5 274 25 294 89 13 101 40 
6 274 25 293 89 9 103 35 
6 274 25 293 91 7 104 35 
6 274 25 293 90 4 109 34 
5 274 25 292 89 0 107 29 
5 274 25 292 89 0 109 26 
5 274 26 291 
5 273 25 291 
5 273 25 291 
5 272 25 291 
4 272 25 291 
4 272 24 291 
4 272 24 291 
4 272 24 291 
4 272 24 291 
4 272 28 291 
3 271 28 290 
3 270 23 290 
3 270 23 290 224 23 239 57 
3 270 23 290 216 34 231 63 234 25 239 85 
3 269 22 289 56 92 73 110 209 43 225 84 225 36 239 93 
3 269 22 289 202 52 217 94 219 42 239 98 
3 269 22 289 196 60 211 98 212 51 239 103 
3 269 22 288 190 68 204 107 205 58 229 111 229 62 235 106 
2 268 21 288 185 76 198 113 199 67 222 117 222 70 228 113 
2 268 21 288 62 83 77 102 180 83 192 117 192 74 221 124 
2 268 21 287 187 82 209 129 209 84 215 124 
2 267 21 287 181 88 203 134 
2 267 21 287 177 94 203 139 
2 267 21 286 172 101 197 144 
2 266 20 286 167 106 192 148 
2 265 20 286 163 112 187 152 
2 265 20 286 159 118 182 158 
2 265 20 285 155 123 177 162 
2 265 19 285 151 128 173 165 
2 265 19 285 147 132 169 170 
1 264 19 284 144 136 157 174 158 138 165 170 
1 264 19 284 141 141 153 177 
1 263 19 284 136 145 157 180 
1 263 19 283 134 149 146 183 
1 262 18 283 131 153 143 187 
1 262 18 283 128 157 140 190 
1 261 18 282 124 161 137 192 
1 261 18 281 121 164 134 195 
1 261 18 281 120 167 137 197 
0 261 18 281 117 170 128 200 
0 261 17 281 115 173 132 203 
0 261 17 280 88 27 100 50 111 176 123 205 227 131 239 160 
0 259 17 280 89 23 101 48 108 179 120 207 223 136 239 180 
0 259 17 280 87 20 102 50 108 182 117 209 205 142 237 184 
0 258 17 280 88 17 103 45 104 184 115 211 205 147 231 188 
0 258 17 279 88 14 105 43 102 187 113 213 205 152 227 192 
0 257 16 278 88 10 106 42 100 189 117 215 200 156 220 195 
0 257 19 278 89 7 107 40 99 192 108 217 197 160 215 198 
0 257 16 278 95 3 109 35 98 194 106 219 192 164 210 202 
0 256 18 277 89 0 110 33 96 196 104 221 188 168 206 204 
0 256 18 277 89 0 112 30 94 198 102 222 184 171 201 207 
0 256 18 276 91 201 100 222 94 0 114 27 180 175 197 210 
0 255 18 276 89 0 115 23 176 178 192 213 
0 254 18 275 91 0 116 20 171 181 189 216 
0 254 15 275 168 184 185 218 
0 254 15 274 166 187 181 220 
0 253 15 274 162 190 177 213 
0 252 15 273 159 193 174 224 
0 252 15 273 156 195 171 227 
0 255 15 272 79 215 93 235 153 198 168 229 
0 255 14 272 151 201 164 227 
0 254 14 272 147 203 161 233 
0 250 14 271 144 206 158 235 229 124 239 158 
0 254 14 270 74 220 87 239 141 208 155 237 222 108 239 174 
0 249 14 270 73 222 86 240 138 210 152 238 215 112 239 187 
0 253 14 271 69 223 84 241 136 212 149 240 209 116 239 191 
0 253 13 269 133 214 147 241 203 122 239 195 
0 253 13 269 131 216 144 243 198 128 239 199 
0 253 13 269 128 217 142 245 192 132 239 202 
0 253 13 268 126 220 139 247 187 137 239 206 
0 252 15 269 122 222 137 248 183 142 239 208 
0 252 12 266 112 223 135 249 178 147 239 211 
0 252 12 267 65 118 82 140 119 225 133 251 174 151 235 214 
0 251 12 265 66 116 83 137 113 226 131 252 170 156 229 217 
0 251 12 265 67 114 84 135 111 228 129 253 165 160 223 220 
0 252 12 265 54 102 85 134 110 229 127 255 162 164 218 222 
0 251 14 265 55 107 87 131 104 231 125 256 159 167 213 224 
55 98 88 128 155 172 208 227 
0 250 11 264 67 97 89 125 152 176 203 229 
68 95 90 124 149 179 199 231 
0 249 11 263 73 97 92 122 146 182 194 234 
69 91 93 120 143 185 190 236 
75 92 94 117 139 188 186 238 
71 87 96 114 136 191 182 237 
77 86 97 112 134 194 178 241 
78 83 99 110 95 242 109 264 131 196 175 243 
80 80 100 107 128 199 171 242 
81 77 102 103 126 201 168 247 
62 86 79 102 82 73 104 99 86 245 104 267 123 204 165 248 
62 76 81 100 84 70 105 96 84 247 103 267 121 207 161 250 
64 74 82 98 86 75 107 95 88 248 101 268 95 66 107 85 118 209 158 249 
0 236 15 256 63 79 83 97 83 248 100 267 87 64 109 92 116 210 155 253 
64 77 84 95 89 60 111 89 114 213 152 252 
66 76 85 93 80 250 97 270 89 56 112 86 112 215 150 253 
66 75 86 91 83 251 96 270 101 52 114 73 110 217 146 254 
66 74 87 89 78 252 94 271 93 56 116 77 103 48 116 67 108 219 144 256 
67 71 88 87 95 44 118 75 106 221 141 257 
68 71 88 85 87 13 104 47 97 40 120 72 104 223 139 258 
68 71 89 83 98 30 122 68 102 224 136 259 
89 5 124 64 100 226 134 260 
69 52 91 79 98 3 127 60 98 228 132 261 
0 230 13 250 97 230 130 262 103 21 129 56 
96 230 127 263 105 8 131 52 
93 232 125 264 107 11 134 48 
92 234 123 265 109 7 136 43 
90 235 121 266 111 0 139 39 
88 235 119 267 89 36 98 63 114 0 141 34 
87 239 117 268 116 0 144 29 
86 240 116 269 118 0 147 25 
84 241 114 270 120 0 150 20 
83 242 112 270 89 36 103 56 123 0 152 14 
82 243 111 271 89 21 104 53 126 0 152 9 
80 244 109 272 89 18 105 50 
79 91 90 113 79 246 107 272 89 16 106 47 
78 247 105 273 80 89 91 112 90 24 108 45 
77 247 104 274 81 87 92 110 88 16 109 41 
75 248 102 274 82 84 93 108 88 6 111 39 
74 249 101 275 83 83 94 106 88 0 112 36 
73 250 99 275 89 10 113 34 
72 251 98 276 85 77 97 103 89 7 114 30 
71 252 97 277 86 76 98 101 89 0 116 28 
70 253 96 277 85 73 99 99 90 0 118 25 
68 254 94 278 86 71 100 97 92 0 119 21 
66 255 91 279 90 65 103 92 95 0 121 15 